
7 3 4
G 10 4
R 4 4
R 9 6
C 7 1
C 10 8
H 7 7
H 7 3

7 1 4
G 8 4
R 2 4
R 4 8
C 6 4
C 5 2
H 4 1
H 6 6

7 1 4
G 9 5
R 2 4
R 7 2
C 9 3
C 6 7
H 3 5
H 5 2

7 3 4
G 9 6
R 4 4
R 10 1
C 8 8
C 4 3
H 7 6
H 2 3

7 3 5
G 8 4
R 4 5
R 6 7
C 2 8
C 3 4
H 3 2
H 5 3

7 3 6
G 9 4
R 4 6
R 3 9
C 7 7
C 9 9
H 2 4
H 10 5

7 2 6
G 9 6
R 3 6
R 7 3
C 3 3
C 5 1
H 3 4
H 10 6

7 2 4
G 8 4
R 3 4
R 8 3
C 9 1
C 5 8
H 5 6
H 1 3

7 2 6
G 9 4
R 3 6
R 7 2
C 8 7
C 6 3
H 1 5
H 1 9

7 1 6
G 8 4
R 2 6
R 6 4
C 10 7
C 4 3
H 5 7
H 1 5

6 2 5
G 10 5
R 3 5
C 9 6
C 7 8
H 6 7
H 4 6

6 3 5
G 8 4
R 4 5
C 8 9
C 9 1
H 10 8
H 2 2

6 1 6
G 10 5
R 2 6
C 5 6
C 6 2
H 7 7
H 4 1

6 2 5
G 9 5
R 3 5
C 4 2
C 10 3
H 1 3
H 9 3

6 2 4
G 8 4
R 3 4
C 1 7
C 3 1
H 3 5
H 8 5

6 2 6
G 8 6
R 3 6
C 8 1
C 7 8
H 7 6
H 5 1

6 3 6
G 10 5
R 4 6
C 2 7
C 6 5
H 1 9
H 1 7

6 3 4
G 9 4
R 4 4
C 8 2
C 6 4
H 6 6
H 1 8

6 1 5
G 10 5
R 2 5
C 1 9
C 4 7
H 4 1
H 3 8

6 1 5
G 9 6
R 2 5
C 3 8
C 5 2
H 4 8
H 7 6

6 2 4
G 10 6
R 3 4
C 2 8
C 4 2
H 8 8
H 10 5

6 2 4
G 10 5
R 3 4
C 5 5
C 2 6
H 8 6
H 1 2

6 1 4
G 10 5
R 2 4
C 9 4
C 2 2
H 10 6
H 7 4

6 1 4
G 8 6
R 2 4
C 9 4
C 6 2
H 9 7
H 3 5

6 1 5
G 10 5
R 2 5
C 7 8
C 8 8
H 9 1
H 3 4

6 3 6
G 8 4
R 4 6
C 10 1
C 10 3
H 4 5
H 1 2

6 1 4
G 8 6
R 2 4
C 8 7
C 9 8
H 6 6
H 9 4

6 1 6
G 10 6
R 2 6
C 2 3
C 8 8
H 3 7
H 4 6

6 1 6
G 8 4
R 2 6
C 4 3
C 3 5
H 3 2
H 10 6

6 3 5
G 8 5
R 4 5
C 6 3
C 9 6
H 4 3
H 4 6

5 1 5
G 10 4
C 6 2
C 5 6
H 3 6
H 7 1

5 1 4
G 8 4
C 1 7
C 4 6
H 3 5
H 8 3

5 1 4
G 10 5
C 4 5
C 3 2
H 3 5
H 5 4

5 2 4
G 8 6
C 2 7
C 10 9
H 4 5
H 6 8

5 2 4
G 9 5
C 7 7
C 7 4
H 4 5
H 6 6

5 3 6
G 8 4
C 1 5
C 9 5
H 5 7
H 6 1

5 2 5
G 9 4
C 4 8
C 2 4
H 4 6
H 7 1

5 2 4
G 10 6
C 1 7
C 1 9
H 4 5
H 4 4

5 3 4
G 8 6
C 9 4
C 1 3
H 5 5
H 1 5

5 1 5
G 10 4
C 9 3
C 7 6
H 3 6
H 9 4

6 2 4
G 9 4
R 3 4
R 2 5
C 8 3
H 2 6
H 6 4

6 1 4
G 8 6
R 2 4
R 9 6
C 8 5
H 5 4
H 8 9

6 2 6
G 9 5
R 3 6
R 4 8
C 6 6
H 9 9
H 9 2

6 3 6
G 10 6
R 4 6
R 5 9
C 1 6
H 8 2
H 10 7

6 2 4
G 9 6
R 3 4
R 2 1
C 10 8
H 3 9
H 9 9

6 2 4
G 10 5
R 3 4
R 6 8
C 4 7
H 9 9
H 9 2

6 3 6
G 9 4
R 4 6
R 7 8
C 10 8
H 8 2
H 10 4

6 3 5
G 8 6
R 4 5
R 3 9
C 6 3
H 2 2
H 4 1

6 3 4
G 10 5
R 4 4
R 2 6
C 8 9
H 3 3
H 5 7

6 3 5
G 9 5
R 4 5
R 10 8
C 1 8
H 1 1
H 10 7

5 1 4
G 9 4
R 2 4
C 3 8
H 4 8
H 6 8

5 3 4
G 8 4
R 4 4
C 2 5
H 9 4
H 4 6

5 1 6
G 9 4
R 2 6
C 5 6
H 9 2
H 2 1

5 2 5
G 8 4
R 3 5
C 2 3
H 6 3
H 2 9

5 3 5
G 9 4
R 4 5
C 4 1
H 7 6
H 2 1

5 2 5
G 9 5
R 3 5
C 8 9
H 9 2
H 8 4

5 2 6
G 8 6
R 3 6
C 10 4
H 4 8
H 1 6

5 2 6
G 9 6
R 3 6
C 7 5
H 2 7
H 10 7

5 3 6
G 10 6
R 4 6
C 5 9
H 5 8
H 10 4

5 2 6
G 8 6
R 3 6
C 5 9
H 3 5
H 8 5

5 2 5
G 9 4
R 3 5
C 10 7
H 2 1
H 7 8

5 1 5
G 8 6
R 2 5
C 8 7
H 7 8
H 10 8

5 3 4
G 10 5
R 4 4
C 5 8
H 4 9
H 3 1

5 3 6
G 9 5
R 4 6
C 9 2
H 10 1
H 3 8

5 3 5
G 8 6
R 4 5
C 1 6
H 3 7
H 1 2

5 1 6
G 8 4
R 2 6
C 1 9
H 1 8
H 10 2

5 1 5
G 8 5
R 2 5
C 4 1
H 7 2
H 5 5

5 3 4
G 8 6
R 4 4
C 1 9
H 10 7
H 7 1

5 3 4
G 9 4
R 4 4
C 2 4
H 4 7
H 6 2

5 1 4
G 10 4
R 2 4
C 8 8
H 1 8
H 5 7

4 3 4
G 9 5
C 2 5
H 5 5
H 4 5

4 3 5
G 10 6
C 1 7
H 5 6
H 8 2

4 2 5
G 10 6
C 8 4
H 4 6
H 7 1

4 1 5
G 10 5
C 1 9
H 3 6
H 9 3

4 1 5
G 8 5
C 1 1
H 3 6
H 4 1

4 1 4
G 9 5
C 4 3
H 3 5
H 2 1

4 1 5
G 10 4
C 8 4
H 3 6
H 7 4

4 2 5
G 8 6
C 2 4
H 4 6
H 10 6

4 2 6
G 8 6
C 9 1
H 4 7
H 1 5

4 1 6
G 9 4
C 3 4
H 3 7
H 1 9

6 2 6
G 10 5
R 3 6
R 1 7
C 5 6
H 1 1
H 8 8

6 1 6
G 9 6
R 2 6
R 4 5
C 7 2
H 1 7
H 1 8

6 2 4
G 8 5
R 3 4
R 1 3
C 9 1
H 3 9
H 3 8

6 2 6
G 8 5
R 3 6
R 2 9
C 5 8
H 1 1
H 1 5

6 3 6
G 10 5
R 4 6
R 9 3
C 8 5
H 9 2
H 1 5

6 1 4
G 9 4
R 2 4
R 7 6
C 10 4
H 8 3
H 4 6

6 1 6
G 8 6
R 2 6
R 1 7
C 1 1
H 9 3
H 6 8

6 3 4
G 8 4
R 4 4
R 1 5
C 4 8
H 7 9
H 3 2

6 3 5
G 9 4
R 4 5
R 3 1
C 7 3
H 1 1
H 10 7

6 2 6
G 8 5
R 3 6
R 3 2
C 7 5
H 8 9
H 4 8

5 3 5
G 10 6
R 4 5
C 1 5
H 7 1
H 7 5

5 1 6
G 9 5
R 2 6
C 6 2
H 8 6
H 3 2

5 1 5
G 8 4
R 2 5
C 8 2
H 6 5
H 1 1

5 3 4
G 8 5
R 4 4
C 1 1
H 9 2
H 3 6

5 1 6
G 9 4
R 2 6
C 3 3
H 1 2
H 7 5

5 3 5
G 8 4
R 4 5
C 5 2
H 10 3
H 7 6

5 1 5
G 9 5
R 2 5
C 4 1
H 7 2
H 6 7

5 2 4
G 9 6
R 3 4
C 1 5
H 5 9
H 9 3

5 3 5
G 8 4
R 4 5
C 5 7
H 8 7
H 4 6

5 2 6
G 8 4
R 3 6
C 9 8
H 10 7
H 3 1

5 3 5
G 9 4
R 4 5
C 5 9
H 2 7
H 10 2

5 2 5
G 9 4
R 3 5
C 8 2
H 6 4
H 10 5

5 1 6
G 10 6
R 2 6
C 2 8
H 7 6
H 4 6

5 3 6
G 9 6
R 4 6
C 4 8
H 1 9
H 10 9

5 2 6
G 9 4
R 3 6
C 4 8
H 7 1
H 7 8

5 3 5
G 10 6
R 4 5
C 1 8
H 8 2
H 9 8

5 2 4
G 8 6
R 3 4
C 8 5
H 10 9
H 4 7

5 1 5
G 10 6
R 2 5
C 9 1
H 5 6
H 8 3

5 2 4
G 9 5
R 3 4
C 4 3
H 2 3
H 5 8

5 1 6
G 8 5
R 2 6
C 1 1
H 3 5
H 6 1

4 2 6
G 8 6
C 7 4
H 4 7
H 2 1

4 2 6
G 9 6
C 2 5
H 4 7
H 8 3

4 2 4
G 10 4
C 1 1
H 4 5
H 6 3

4 1 5
G 9 5
C 4 4
H 3 6
H 8 5

4 3 5
G 8 4
C 5 6
H 5 6
H 6 4

4 1 5
G 10 4
C 7 2
H 3 6
H 8 9

4 2 5
G 10 5
C 8 7
H 4 6
H 2 9

4 3 4
G 9 5
C 6 2
H 5 5
H 10 3

4 2 4
G 8 6
C 1 9
H 4 5
H 2 8

4 2 6
G 10 6
C 5 4
H 4 7
H 4 2

5 3 6
G 10 5
R 4 6
R 9 3
H 6 3
H 4 8

5 1 4
G 9 5
R 2 4
R 6 3
H 5 6
H 1 9

5 3 6
G 9 4
R 4 6
R 5 9
H 3 3
H 8 9

5 3 4
G 8 5
R 4 4
R 7 1
H 4 2
H 10 3

5 1 5
G 10 4
R 2 5
R 9 2
H 8 3
H 6 4

5 1 6
G 8 6
R 2 6
R 9 9
H 3 6
H 2 7

5 1 5
G 8 4
R 2 5
R 7 8
H 9 4
H 8 9

5 3 5
G 9 4
R 4 5
R 8 7
H 6 6
H 6 8

5 2 6
G 9 5
R 3 6
R 7 8
H 4 3
H 1 2

5 1 5
G 10 5
R 2 5
R 5 2
H 8 9
H 7 4

4 1 5
G 9 4
R 2 5
H 1 3
H 4 8

4 1 6
G 8 5
R 2 6
H 6 7
H 2 8

4 3 5
G 10 4
R 4 5
H 5 9
H 9 6

4 1 6
G 8 6
R 2 6
H 1 7
H 10 8

4 3 4
G 8 4
R 4 4
H 6 2
H 6 4

4 3 5
G 9 4
R 4 5
H 1 2
H 7 9

4 2 4
G 8 5
R 3 4
H 1 9
H 10 7

4 1 6
G 9 4
R 2 6
H 10 9
H 4 1

4 3 4
G 8 6
R 4 4
H 10 2
H 10 9

4 2 6
G 10 4
R 3 6
H 1 4
H 9 6

4 1 5
G 10 5
R 2 5
H 10 2
H 9 3

4 1 5
G 10 5
R 2 5
H 8 3
H 6 7

4 1 5
G 10 6
R 2 5
H 4 1
H 1 7

4 2 6
G 8 6
R 3 6
H 9 8
H 2 7

4 2 5
G 9 6
R 3 5
H 3 4
H 7 2

4 2 4
G 9 5
R 3 4
H 2 5
H 7 9

4 2 6
G 9 6
R 3 6
H 10 8
H 6 5

4 3 6
G 9 4
R 4 6
H 8 1
H 1 3

4 2 6
G 8 6
R 3 6
H 10 9
H 5 3

4 1 6
G 8 5
R 2 6
H 2 7
H 2 4

3 2 4
G 9 6
H 4 5
H 4 9

3 1 5
G 9 5
H 3 6
H 10 9

3 2 4
G 10 5
H 4 5
H 7 7

3 1 5
G 9 4
H 3 6
H 2 8

3 1 5
G 9 5
H 3 6
H 2 4

3 1 5
G 8 6
H 3 6
H 2 9

3 1 5
G 10 5
H 3 6
H 9 5

3 1 4
G 8 5
H 3 5
H 5 4

3 1 6
G 9 5
H 3 7
H 4 3

3 1 5
G 10 4
H 3 6
H 9 9

6 2 5
G 8 6
R 3 5
R 10 1
C 4 3
C 6 7
H 4 1

6 3 6
G 8 6
R 4 6
R 1 2
C 6 6
C 3 8
H 8 2

6 1 6
G 10 4
R 2 6
R 4 7
C 2 2
C 8 6
H 9 9

6 1 4
G 10 4
R 2 4
R 7 8
C 5 1
C 1 9
H 10 6

6 2 4
G 8 6
R 3 4
R 1 9
C 3 5
C 5 7
H 9 2

6 3 6
G 9 4
R 4 6
R 8 1
C 4 8
C 9 2
H 8 2

6 2 6
G 9 4
R 3 6
R 10 3
C 3 8
C 4 8
H 6 4

6 1 6
G 8 5
R 2 6
R 1 5
C 1 9
C 7 1
H 6 9

6 2 4
G 8 6
R 3 4
R 1 7
C 9 2
C 7 1
H 9 7

6 3 5
G 9 6
R 4 5
R 8 3
C 6 4
C 1 5
H 1 7

5 1 4
G 10 5
R 2 4
C 3 1
C 3 8
H 9 9

5 2 6
G 8 6
R 3 6
C 9 6
C 6 1
H 9 7

5 1 5
G 8 4
R 2 5
C 6 4
C 6 1
H 3 5

5 2 6
G 10 4
R 3 6
C 3 8
C 9 1
H 4 1

5 1 4
G 8 5
R 2 4
C 6 6
C 5 9
H 2 6

5 3 5
G 10 6
R 4 5
C 4 1
C 7 3
H 10 5

5 3 6
G 8 6
R 4 6
C 8 4
C 10 1
H 6 9

5 3 6
G 9 4
R 4 6
C 10 6
C 8 7
H 2 8

5 3 6
G 8 5
R 4 6
C 6 5
C 3 4
H 9 3

5 3 5
G 8 5
R 4 5
C 8 3
C 7 7
H 4 4

5 2 5
G 8 4
R 3 5
C 6 3
C 2 6
H 8 8

5 3 6
G 10 6
R 4 6
C 3 1
C 2 1
H 4 9

5 2 4
G 10 6
R 3 4
C 2 1
C 5 2
H 4 1

5 2 4
G 8 4
R 3 4
C 6 5
C 8 5
H 5 7

5 3 4
G 8 4
R 4 4
C 3 7
C 6 8
H 2 4

5 1 4
G 8 6
R 2 4
C 7 7
C 8 1
H 7 8

5 1 5
G 10 5
R 2 5
C 9 9
C 9 6
H 3 2

5 1 4
G 8 6
R 2 4
C 7 3
C 6 2
H 9 7

5 1 4
G 8 4
R 2 4
C 10 9
C 7 3
H 6 6

5 2 4
G 8 5
R 3 4
C 5 5
C 7 8
H 3 5

4 2 4
G 10 4
C 3 5
C 3 7
H 4 5

4 3 4
G 10 5
C 10 4
C 7 2
H 5 5

4 3 5
G 8 5
C 7 5
C 3 7
H 5 6

4 2 4
G 9 5
C 1 4
C 1 8
H 4 5

4 2 5
G 10 6
C 4 6
C 8 8
H 4 6

4 2 6
G 10 6
C 2 5
C 5 1
H 4 7

4 2 6
G 9 4
C 9 7
C 8 3
H 4 7

4 1 4
G 10 4
C 8 2
C 1 3
H 3 5

4 3 6
G 10 6
C 3 7
C 4 6
H 5 7

4 3 6
G 9 4
C 9 5
C 6 4
H 5 7

5 2 5
G 8 5
R 3 5
R 10 3
C 8 4
H 8 8

5 2 5
G 9 5
R 3 5
R 7 8
C 8 5
H 3 3

5 1 4
G 8 4
R 2 4
R 5 5
C 1 9
H 8 3

5 1 6
G 8 5
R 2 6
R 2 9
C 6 9
H 1 1

5 1 4
G 8 5
R 2 4
R 5 1
C 4 8
H 10 3

5 2 5
G 10 6
R 3 5
R 10 9
C 10 8
H 8 7

5 3 6
G 9 6
R 4 6
R 1 1
C 7 7
H 1 3

5 1 5
G 9 4
R 2 5
R 7 8
C 7 9
H 2 8

5 3 5
G 9 6
R 4 5
R 1 7
C 5 7
H 2 1

5 2 4
G 9 6
R 3 4
R 3 2
C 7 8
H 10 2

4 3 4
G 10 5
R 4 4
C 10 4
H 8 9

4 1 5
G 9 5
R 2 5
C 3 9
H 4 6

4 2 4
G 10 4
R 3 4
C 5 6
H 6 2

4 1 4
G 8 4
R 2 4
C 3 3
H 1 2

4 2 6
G 9 6
R 3 6
C 8 7
H 2 7

4 2 4
G 8 5
R 3 4
C 5 3
H 6 7

4 2 6
G 8 6
R 3 6
C 4 4
H 6 5

4 3 4
G 9 5
R 4 4
C 5 9
H 2 1

4 1 4
G 8 5
R 2 4
C 7 4
H 9 2

4 3 5
G 8 5
R 4 5
C 10 8
H 4 8

4 1 6
G 8 6
R 2 6
C 6 6
H 1 7

4 1 6
G 9 6
R 2 6
C 7 8
H 7 6

4 2 5
G 8 6
R 3 5
C 10 9
H 7 5

4 1 6
G 10 5
R 2 6
C 9 4
H 7 6

4 3 6
G 8 4
R 4 6
C 1 5
H 3 2

4 1 5
G 9 5
R 2 5
C 9 6
H 1 9

4 1 6
G 9 4
R 2 6
C 3 1
H 6 4

4 1 4
G 9 6
R 2 4
C 3 1
H 9 8

4 3 5
G 8 4
R 4 5
C 8 5
H 5 5

4 3 6
G 8 4
R 4 6
C 3 8
H 8 5

3 1 5
G 8 6
C 3 5
H 3 6

3 3 6
G 8 6
C 4 2
H 5 7

3 2 4
G 9 5
C 7 8
H 4 5

3 2 5
G 10 4
C 5 6
H 4 6

3 1 6
G 8 5
C 10 1
H 3 7

3 2 4
G 10 6
C 10 3
H 4 5

3 1 4
G 8 4
C 5 2
H 3 5

3 2 6
G 9 5
C 4 2
H 4 7

3 1 4
G 9 4
C 1 2
H 3 5

3 2 6
G 8 5
C 10 6
H 4 7

5 3 5
G 9 5
R 4 5
R 2 7
C 4 6
H 4 9

5 3 6
G 9 6
R 4 6
R 3 5
C 8 6
H 9 7

5 2 6
G 9 4
R 3 6
R 1 3
C 1 2
H 7 5

5 3 6
G 8 5
R 4 6
R 3 9
C 5 6
H 2 8

5 3 4
G 9 6
R 4 4
R 2 3
C 8 6
H 4 8

5 2 4
G 10 6
R 3 4
R 7 9
C 9 8
H 3 9

5 2 4
G 8 6
R 3 4
R 5 5
C 2 3
H 10 2

5 3 4
G 8 6
R 4 4
R 7 2
C 9 3
H 2 5

5 2 6
G 8 6
R 3 6
R 10 2
C 6 7
H 9 6

5 3 5
G 8 4
R 4 5
R 1 3
C 6 2
H 8 1

4 1 6
G 9 5
R 2 6
C 8 1
H 6 9

4 2 5
G 9 4
R 3 5
C 6 3
H 10 5

4 2 5
G 9 5
R 3 5
C 10 7
H 6 8

4 1 6
G 10 6
R 2 6
C 10 7
H 7 9

4 3 5
G 9 6
R 4 5
C 3 6
H 10 3

4 2 5
G 10 5
R 3 5
C 8 2
H 1 9

4 3 6
G 9 6
R 4 6
C 2 5
H 3 5

4 1 5
G 9 5
R 2 5
C 2 1
H 5 2

4 2 5
G 10 4
R 3 5
C 1 1
H 5 6

4 1 4
G 9 5
R 2 4
C 2 9
H 9 4

4 3 6
G 9 6
R 4 6
C 3 7
H 3 9

4 3 5
G 10 4
R 4 5
C 5 7
H 3 3

4 2 6
G 8 5
R 3 6
C 8 2
H 6 5

4 1 5
G 8 4
R 2 5
C 6 4
H 5 3

4 3 5
G 10 5
R 4 5
C 5 6
H 5 2

4 1 6
G 9 5
R 2 6
C 1 2
H 3 3

4 1 6
G 10 5
R 2 6
C 1 7
H 8 8

4 3 6
G 9 4
R 4 6
C 10 6
H 10 5

4 3 4
G 10 6
R 4 4
C 6 7
H 8 7

4 3 6
G 9 6
R 4 6
C 8 1
H 9 3

3 3 5
G 8 6
C 6 6
H 5 6

3 2 6
G 8 4
C 2 1
H 4 7

3 1 5
G 8 4
C 4 4
H 3 6

3 1 6
G 10 6
C 9 6
H 3 7

3 1 6
G 10 5
C 10 7
H 3 7

3 2 5
G 8 4
C 9 5
H 4 6

3 3 6
G 8 6
C 8 3
H 5 7

3 3 4
G 8 5
C 2 1
H 5 5

3 2 5
G 10 4
C 2 8
H 4 6

3 2 6
G 8 6
C 7 1
H 4 7

4 3 6
G 9 6
R 4 6
R 4 2
H 10 8

4 2 4
G 9 4
R 3 4
R 4 2
H 9 2

4 1 6
G 8 4
R 2 6
R 4 5
H 6 7

4 2 5
G 9 4
R 3 5
R 6 8
H 2 6

4 3 5
G 8 5
R 4 5
R 2 2
H 1 9

4 1 4
G 10 4
R 2 4
R 10 6
H 7 4

4 2 6
G 9 5
R 3 6
R 9 7
H 1 7

4 2 5
G 10 4
R 3 5
R 5 5
H 2 6

4 1 6
G 9 4
R 2 6
R 5 6
H 4 5

4 1 4
G 8 4
R 2 4
R 9 3
H 4 9

3 3 6
G 9 5
R 4 6
H 3 3

3 2 6
G 10 5
R 3 6
H 1 5

3 3 6
G 9 4
R 4 6
H 8 6

3 1 5
G 8 6
R 2 5
H 9 5

3 2 4
G 9 5
R 3 4
H 8 2

3 2 6
G 8 4
R 3 6
H 10 2

3 3 4
G 9 5
R 4 4
H 5 7

3 1 4
G 8 5
R 2 4
H 10 4

3 2 5
G 9 4
R 3 5
H 3 8

3 1 6
G 8 6
R 2 6
H 10 5

3 1 6
G 8 4
R 2 6
H 6 6

3 1 4
G 10 4
R 2 4
H 9 2

3 3 5
G 8 6
R 4 5
H 8 8

3 3 4
G 10 6
R 4 4
H 9 6

3 3 6
G 10 4
R 4 6
H 7 5

3 1 6
G 10 6
R 2 6
H 7 4

3 2 4
G 8 4
R 3 4
H 8 5

3 3 4
G 9 6
R 4 4
H 6 4

3 1 4
G 9 4
R 2 4
H 10 4

3 3 6
G 9 6
R 4 6
H 9 5

2 2 4
G 8 4
H 4 5

2 3 4
G 9 4
H 5 5

2 3 5
G 9 4
H 5 6

2 3 6
G 10 5
H 5 7

2 1 5
G 10 5
H 3 6

2 1 6
G 8 5
H 3 7

2 2 6
G 9 5
H 4 7

2 1 5
G 10 6
H 3 6

2 2 5
G 8 5
H 4 6

2 3 4
G 10 4
H 5 5

6 2 6
G 10 4
R 3 6
R 5 1
C 2 1
C 2 9
H 3 4

6 2 5
G 10 6
R 3 5
R 9 7
C 1 9
C 5 2
H 7 5

6 3 5
G 10 4
R 4 5
R 2 7
C 5 7
C 9 3
H 7 3

6 3 4
G 10 4
R 4 4
R 6 3
C 1 3
C 3 9
H 9 6

6 3 6
G 8 6
R 4 6
R 10 3
C 1 5
C 5 5
H 2 7

6 1 5
G 9 5
R 2 5
R 4 9
C 6 1
C 9 3
H 10 5

6 2 5
G 9 5
R 3 5
R 2 8
C 5 9
C 4 1
H 6 3

6 2 5
G 8 5
R 3 5
R 3 7
C 5 8
C 10 2
H 10 6

6 2 5
G 10 6
R 3 5
R 7 2
C 9 6
C 2 7
H 3 8

6 1 5
G 10 6
R 2 5
R 1 7
C 4 9
C 9 6
H 5 1

5 3 6
G 8 6
R 4 6
C 9 7
C 9 1
H 7 1

5 1 4
G 8 5
R 2 4
C 1 7
C 8 1
H 7 6

5 1 4
G 10 6
R 2 4
C 2 3
C 2 2
H 10 1

5 1 6
G 10 5
R 2 6
C 9 6
C 2 3
H 1 8

5 1 4
G 9 4
R 2 4
C 2 6
C 7 3
H 2 9

5 1 6
G 9 5
R 2 6
C 10 6
C 4 1
H 2 1

5 3 4
G 9 4
R 4 4
C 9 6
C 2 6
H 2 5

5 2 5
G 8 5
R 3 5
C 2 6
C 4 7
H 2 2

5 1 6
G 10 5
R 2 6
C 4 1
C 5 2
H 7 1

5 1 6
G 9 5
R 2 6
C 10 3
C 1 1
H 6 7

5 2 4
G 9 6
R 3 4
C 3 6
C 10 9
H 3 3

5 3 5
G 8 4
R 4 5
C 8 8
C 5 2
H 4 1

5 3 4
G 10 4
R 4 4
C 10 8
C 6 8
H 7 8

5 3 6
G 9 6
R 4 6
C 7 5
C 9 9
H 1 7

5 2 4
G 9 6
R 3 4
C 10 5
C 6 1
H 6 4

5 2 5
G 10 4
R 3 5
C 5 3
C 6 4
H 10 8

5 3 5
G 8 4
R 4 5
C 6 8
C 9 9
H 7 8

5 2 6
G 9 4
R 3 6
C 10 6
C 3 5
H 7 5

5 1 4
G 8 5
R 2 4
C 2 1
C 1 6
H 10 9

5 3 6
G 9 5
R 4 6
C 1 2
C 8 4
H 6 7

4 1 5
G 8 6
C 3 1
C 6 6
H 3 6

4 3 5
G 10 4
C 6 9
C 5 1
H 5 6

4 1 4
G 8 4
C 7 3
C 2 5
H 3 5

4 2 6
G 9 4
C 3 8
C 8 4
H 4 7

4 1 4
G 8 6
C 10 7
C 6 9
H 3 5

4 3 6
G 8 6
C 10 4
C 9 5
H 5 7

4 3 6
G 8 6
C 9 5
C 6 9
H 5 7

4 3 4
G 9 4
C 5 8
C 10 6
H 5 5

4 2 6
G 9 4
C 1 9
C 3 7
H 4 7

4 2 5
G 10 6
C 1 1
C 2 3
H 4 6

5 3 6
G 9 6
R 4 6
R 1 3
C 4 8
H 6 9

5 2 6
G 10 6
R 3 6
R 9 7
C 1 9
H 1 3

5 3 4
G 8 4
R 4 4
R 2 3
C 4 2
H 5 3

5 1 5
G 9 4
R 2 5
R 1 1
C 10 2
H 4 3

5 3 6
G 9 4
R 4 6
R 7 1
C 10 9
H 9 3

5 2 6
G 9 6
R 3 6
R 5 9
C 8 6
H 1 7

5 3 5
G 10 4
R 4 5
R 6 7
C 6 6
H 2 1

5 1 6
G 9 6
R 2 6
R 3 2
C 10 2
H 7 5

5 3 6
G 10 4
R 4 6
R 6 8
C 10 6
H 7 9

5 1 5
G 9 5
R 2 5
R 6 1
C 3 9
H 10 1

4 1 6
G 10 5
R 2 6
C 3 5
H 8 7

4 2 4
G 8 6
R 3 4
C 6 2
H 9 4

4 2 5
G 9 5
R 3 5
C 1 8
H 1 4

4 3 6
G 9 6
R 4 6
C 6 4
H 1 3

4 1 4
G 9 6
R 2 4
C 3 5
H 1 3

4 3 4
G 10 4
R 4 4
C 3 9
H 6 7

4 1 4
G 9 5
R 2 4
C 4 4
H 2 5

4 1 6
G 10 6
R 2 6
C 7 7
H 8 5

4 3 5
G 10 4
R 4 5
C 8 3
H 2 2

4 1 5
G 8 6
R 2 5
C 3 5
H 10 6

4 1 6
G 8 6
R 2 6
C 6 2
H 3 7

4 3 6
G 9 6
R 4 6
C 4 1
H 2 7

4 1 4
G 8 4
R 2 4
C 2 3
H 9 6

4 2 5
G 10 4
R 3 5
C 5 8
H 8 3

4 1 5
G 9 4
R 2 5
C 5 9
H 5 7

4 1 4
G 10 4
R 2 4
C 1 6
H 10 2

4 3 4
G 8 4
R 4 4
C 8 9
H 10 8

4 1 4
G 8 6
R 2 4
C 5 1
H 10 3

4 2 6
G 8 4
R 3 6
C 1 1
H 8 3

4 3 4
G 9 5
R 4 4
C 8 5
H 5 1

3 3 6
G 10 5
C 5 7
H 5 7

3 2 5
G 9 6
C 9 7
H 4 6

3 3 5
G 8 5
C 1 8
H 5 6

3 2 6
G 10 6
C 3 1
H 4 7

3 1 6
G 10 6
C 3 6
H 3 7

3 2 6
G 10 6
C 5 7
H 4 7

3 3 4
G 8 6
C 5 8
H 5 5

3 1 5
G 9 4
C 4 9
H 3 6

3 2 6
G 9 5
C 5 5
H 4 7

3 3 4
G 8 6
C 4 9
H 5 5

5 3 6
G 10 4
R 4 6
R 4 7
C 4 1
H 4 5

5 1 6
G 8 4
R 2 6
R 1 1
C 4 9
H 3 3

5 1 6
G 8 6
R 2 6
R 6 3
C 3 3
H 1 7

5 1 5
G 8 4
R 2 5
R 5 9
C 8 2
H 8 6

5 2 4
G 8 5
R 3 4
R 2 7
C 9 1
H 8 9

5 1 5
G 10 6
R 2 5
R 10 4
C 9 6
H 1 3

5 3 5
G 9 5
R 4 5
R 2 7
C 1 5
H 7 3

5 3 6
G 10 6
R 4 6
R 9 3
C 3 2
H 2 4

5 2 4
G 8 6
R 3 4
R 10 8
C 6 5
H 2 6

5 1 5
G 8 5
R 2 5
R 7 3
C 10 9
H 9 8

4 2 5
G 9 4
R 3 5
C 2 4
H 2 1

4 3 6
G 8 5
R 4 6
C 1 3
H 2 8

4 2 6
G 9 5
R 3 6
C 1 9
H 6 6

4 3 5
G 10 4
R 4 5
C 1 5
H 3 6

4 3 5
G 9 5
R 4 5
C 5 4
H 4 2

4 2 4
G 9 6
R 3 4
C 3 7
H 7 6

4 1 6
G 9 6
R 2 6
C 7 7
H 10 4

4 1 5
G 10 6
R 2 5
C 6 4
H 5 3

4 1 6
G 9 4
R 2 6
C 3 3
H 1 7

4 1 5
G 10 4
R 2 5
C 7 5
H 7 7

4 3 4
G 9 4
R 4 4
C 9 6
H 4 7

4 2 6
G 10 6
R 3 6
C 9 5
H 2 3

4 2 5
G 10 6
R 3 5
C 7 1
H 3 7

4 1 5
G 9 5
R 2 5
C 8 4
H 1 7

4 3 5
G 9 6
R 4 5
C 6 7
H 10 9

4 1 5
G 8 6
R 2 5
C 8 2
H 6 6

4 2 5
G 9 6
R 3 5
C 3 6
H 4 9

4 2 6
G 8 5
R 3 6
C 2 8
H 6 2

4 3 5
G 10 5
R 4 5
C 6 2
H 4 2

4 3 5
G 8 4
R 4 5
C 10 3
H 5 7

3 3 5
G 10 4
C 10 1
H 5 6

3 3 5
G 8 4
C 4 7
H 5 6

3 3 5
G 9 6
C 2 7
H 5 6

3 1 5
G 9 4
C 9 2
H 3 6

3 3 6
G 10 5
C 9 2
H 5 7

3 1 5
G 10 6
C 2 8
H 3 6

3 1 4
G 8 5
C 10 8
H 3 5

3 3 5
G 9 6
C 8 1
H 5 6

3 2 6
G 8 5
C 2 9
H 4 7

3 1 5
G 10 5
C 3 6
H 3 6

4 1 5
G 10 5
R 2 5
R 5 7
H 1 7

4 1 4
G 9 4
R 2 4
R 8 7
H 1 1

4 3 4
G 10 4
R 4 4
R 9 4
H 7 3

4 1 6
G 8 5
R 2 6
R 9 7
H 7 9

4 1 4
G 9 6
R 2 4
R 7 9
H 7 4

4 1 5
G 9 4
R 2 5
R 9 5
H 7 1

4 3 6
G 8 5
R 4 6
R 2 4
H 10 4

4 1 6
G 8 5
R 2 6
R 6 7
H 8 3

4 3 4
G 9 4
R 4 4
R 10 2
H 10 1

4 2 6
G 9 4
R 3 6
R 6 4
H 3 4

3 1 5
G 10 4
R 2 5
H 5 5

3 1 5
G 9 6
R 2 5
H 2 3

3 3 4
G 8 5
R 4 4
H 1 7

3 3 6
G 9 6
R 4 6
H 10 8

3 1 4
G 9 5
R 2 4
H 8 5

3 1 5
G 9 6
R 2 5
H 2 1

3 2 5
G 8 5
R 3 5
H 3 1

3 3 4
G 8 4
R 4 4
H 10 6

3 1 5
G 9 4
R 2 5
H 2 6

3 1 5
G 9 6
R 2 5
H 4 8

3 2 5
G 8 4
R 3 5
H 8 8

3 1 6
G 9 6
R 2 6
H 9 3

3 1 5
G 8 4
R 2 5
H 10 3

3 1 6
G 9 6
R 2 6
H 8 3

3 3 5
G 10 6
R 4 5
H 4 1

3 1 5
G 10 4
R 2 5
H 1 9

3 3 5
G 8 4
R 4 5
H 9 8

3 2 4
G 10 5
R 3 4
H 6 9

3 3 4
G 9 4
R 4 4
H 3 3

3 2 5
G 8 4
R 3 5
H 7 1

2 1 4
G 8 6
H 3 5

2 3 5
G 8 4
H 5 6

2 1 4
G 8 5
H 3 5

2 2 6
G 10 6
H 4 7

2 2 5
G 8 6
H 4 6

2 2 6
G 9 4
H 4 7

2 2 4
G 9 5
H 4 5

2 1 4
G 9 6
H 3 5

2 2 4
G 10 5
H 4 5

2 3 4
G 8 6
H 5 5

5 3 6
G 8 4
R 4 6
R 9 1
C 2 5
C 4 4

5 1 6
G 9 4
R 2 6
R 1 5
C 7 1
C 9 1

5 3 5
G 10 5
R 4 5
R 5 8
C 3 2
C 2 2

5 1 4
G 10 4
R 2 4
R 4 1
C 8 9
C 8 3

5 1 4
G 8 6
R 2 4
R 4 4
C 1 9
C 7 4

5 2 4
G 9 4
R 3 4
R 4 4
C 8 4
C 4 1

5 2 6
G 9 4
R 3 6
R 5 5
C 5 1
C 6 8

5 1 5
G 10 4
R 2 5
R 5 9
C 5 1
C 4 5

5 2 5
G 8 4
R 3 5
R 7 8
C 4 4
C 10 1

5 2 5
G 10 6
R 3 5
R 2 2
C 8 8
C 8 2

4 3 5
G 9 5
R 4 5
C 6 7
C 2 5

4 2 4
G 9 5
R 3 4
C 3 7
C 7 8

4 2 5
G 8 5
R 3 5
C 2 2
C 10 3

4 1 4
G 9 6
R 2 4
C 7 7
C 4 4

4 3 5
G 8 5
R 4 5
C 10 5
C 9 4

4 1 4
G 10 5
R 2 4
C 10 3
C 10 2

4 3 6
G 10 6
R 4 6
C 9 8
C 2 4

4 1 4
G 9 4
R 2 4
C 7 1
C 4 3

4 3 4
G 8 6
R 4 4
C 10 6
C 6 1

4 3 4
G 8 4
R 4 4
C 1 6
C 7 4

4 3 5
G 9 6
R 4 5
C 5 4
C 8 8

4 1 4
G 10 4
R 2 4
C 7 5
C 6 4

4 3 4
G 9 6
R 4 4
C 3 6
C 7 1

4 1 6
G 8 5
R 2 6
C 2 3
C 8 3

4 1 6
G 9 6
R 2 6
C 3 3
C 5 2

4 1 4
G 8 4
R 2 4
C 4 3
C 9 9

4 3 6
G 9 6
R 4 6
C 1 2
C 4 8

4 1 6
G 8 6
R 2 6
C 4 6
C 8 9

4 1 5
G 8 5
R 2 5
C 7 5
C 7 9

4 3 6
G 10 4
R 4 6
C 10 6
C 8 2

3 2 5
G 9 6
C 10 3
C 6 6

3 3 5
G 9 5
C 9 7
C 6 1

3 3 5
G 8 4
C 2 7
C 5 4

3 1 6
G 9 4
C 5 9
C 10 6

3 1 5
G 10 6
C 6 3
C 9 1

3 3 4
G 10 4
C 2 5
C 3 8

3 3 4
G 8 4
C 8 5
C 9 1

3 3 5
G 8 5
C 9 4
C 4 1

3 2 4
G 10 5
C 2 7
C 9 8

3 1 6
G 9 4
C 1 4
C 7 3

4 1 4
G 8 5
R 2 4
R 1 8
C 10 9

4 2 5
G 9 5
R 3 5
R 1 9
C 7 6

4 1 5
G 8 6
R 2 5
R 7 9
C 7 3

4 1 6
G 10 5
R 2 6
R 9 1
C 10 6

4 2 5
G 9 4
R 3 5
R 3 4
C 1 1

4 2 4
G 9 6
R 3 4
R 8 5
C 1 8

4 2 4
G 9 6
R 3 4
R 8 8
C 7 7

4 2 4
G 10 5
R 3 4
R 7 6
C 6 5

4 3 5
G 8 6
R 4 5
R 5 2
C 3 8

4 2 6
G 10 5
R 3 6
R 7 6
C 6 9

3 3 5
G 9 4
R 4 5
C 4 1

3 1 4
G 9 6
R 2 4
C 3 4

3 2 5
G 8 5
R 3 5
C 7 2

3 2 5
G 9 6
R 3 5
C 10 2

3 1 5
G 9 4
R 2 5
C 9 1

3 2 4
G 9 5
R 3 4
C 8 1

3 2 4
G 9 5
R 3 4
C 7 9

3 3 4
G 10 5
R 4 4
C 1 9

3 3 5
G 8 5
R 4 5
C 7 1

3 2 4
G 10 5
R 3 4
C 9 5

3 3 5
G 9 5
R 4 5
C 5 2

3 3 5
G 8 6
R 4 5
C 4 2

3 1 6
G 10 6
R 2 6
C 10 8

3 2 4
G 10 6
R 3 4
C 8 4

3 3 4
G 10 5
R 4 4
C 4 6

3 2 4
G 10 6
R 3 4
C 3 9

3 1 5
G 8 5
R 2 5
C 5 5

3 2 5
G 10 4
R 3 5
C 7 1

3 1 5
G 8 5
R 2 5
C 8 6

3 3 4
G 8 5
R 4 4
C 10 3

2 3 6
G 8 4
C 3 7

2 1 4
G 8 5
C 4 7

2 1 5
G 9 5
C 2 1

2 2 5
G 10 4
C 9 2

2 1 4
G 8 5
C 5 5

2 2 4
G 9 5
C 3 7

2 2 4
G 8 4
C 1 6

2 1 5
G 10 5
C 4 1

2 3 4
G 8 6
C 9 8

2 3 4
G 9 4
C 5 3

4 1 4
G 9 6
R 2 4
R 1 6
C 7 3

4 2 4
G 9 4
R 3 4
R 10 3
C 1 1

4 2 4
G 8 6
R 3 4
R 1 4
C 10 4

4 3 4
G 8 6
R 4 4
R 2 6
C 7 2

4 2 6
G 8 5
R 3 6
R 3 3
C 4 6

4 3 5
G 8 6
R 4 5
R 6 7
C 2 7

4 3 6
G 10 5
R 4 6
R 7 5
C 5 5

4 1 6
G 10 4
R 2 6
R 9 9
C 1 2

4 1 6
G 10 5
R 2 6
R 8 6
C 1 4

4 1 6
G 9 5
R 2 6
R 6 6
C 6 5

3 1 4
G 8 5
R 2 4
C 9 3

3 2 4
G 10 6
R 3 4
C 1 6

3 2 5
G 10 6
R 3 5
C 1 9

3 3 4
G 10 5
R 4 4
C 3 5

3 2 6
G 10 4
R 3 6
C 6 1

3 3 4
G 10 4
R 4 4
C 10 2

3 3 5
G 8 6
R 4 5
C 9 4

3 1 4
G 9 4
R 2 4
C 1 5

3 3 6
G 8 6
R 4 6
C 7 1

3 1 6
G 10 6
R 2 6
C 10 5

3 3 6
G 9 6
R 4 6
C 8 3

3 1 6
G 9 4
R 2 6
C 4 1

3 2 5
G 10 4
R 3 5
C 3 8

3 3 6
G 10 5
R 4 6
C 7 2

3 2 5
G 9 5
R 3 5
C 6 9

3 1 6
G 8 6
R 2 6
C 4 8

3 3 6
G 9 6
R 4 6
C 10 2

3 3 5
G 10 6
R 4 5
C 5 6

3 2 6
G 10 5
R 3 6
C 4 7

3 3 4
G 9 6
R 4 4
C 3 2

2 1 6
G 9 6
C 5 2

2 1 4
G 10 5
C 5 3

2 1 6
G 9 4
C 7 3

2 1 4
G 10 4
C 8 1

2 1 5
G 8 5
C 6 9

2 1 4
G 10 6
C 8 5

2 2 5
G 8 4
C 9 2

2 3 5
G 10 6
C 2 1

2 2 5
G 10 4
C 4 4

2 1 4
G 9 5
C 1 6

3 3 5
G 9 5
R 4 5
R 6 2

3 2 6
G 8 4
R 3 6
R 5 4

3 3 4
G 9 6
R 4 4
R 3 1

3 2 5
G 8 6
R 3 5
R 9 5

3 1 6
G 10 4
R 2 6
R 1 8

3 3 6
G 8 4
R 4 6
R 8 3

3 2 6
G 10 6
R 3 6
R 7 5

3 1 4
G 8 4
R 2 4
R 6 5

3 2 6
G 9 4
R 3 6
R 3 5

3 1 4
G 9 6
R 2 4
R 2 6

2 1 5
G 10 5
R 2 5

2 2 4
G 10 4
R 3 4

2 3 6
G 10 5
R 4 6

2 2 4
G 9 5
R 3 4

2 3 5
G 8 4
R 4 5

2 3 6
G 9 4
R 4 6

2 3 5
G 10 6
R 4 5

2 1 5
G 10 4
R 2 5

2 1 6
G 9 5
R 2 6

2 3 5
G 9 5
R 4 5

2 3 4
G 9 6
R 4 4

2 2 5
G 9 5
R 3 5

2 2 4
G 8 6
R 3 4

2 1 5
G 10 5
R 2 5

2 1 5
G 8 5
R 2 5

2 3 5
G 9 6
R 4 5

2 3 6
G 10 5
R 4 6

2 3 6
G 9 6
R 4 6

2 3 6
G 10 4
R 4 6

2 3 6
G 8 5
R 4 6
0 0 0
